#=======================================================================================#
#                                                                                       #
# Main input data.  This input controls the program execution and sets general problem  #
# geometry. This should be the first set of inputs.                                     #
#                                                                                       #
#=======================================================================================#
Solution = 1
TestCase = 0
Config   = 0
Analk = 1

Cases    = 1
Configs  = 3
MatTypes = 4
EnergyGroups = 7

solver   = 0
Generations = 100
Histories = 1000
Skip = 1

NumAss   = 2
NumRods  = 17
RodDia   = 0.94
RodPitch = 1.262
AssemblyWidth = 21.454
MPFR = 4
MPWR = 2

BoundL = 1.0 1.0 1.0 1.0 1.0 1.0 1.0
BoundR = 1.0 1.0 1.0 1.0 1.0 1.0 1.0

#=======================================================================================#
#                                                                                       #
# Cross section data.  This has to be input after the main data above.                  #
#                                                                                       #
#=======================================================================================#

XSData
    #            7 Group Cross Section Data                                            #
    case = 0
    #                  Energy Group 1                                 Energy Group 2                                 Energy Group 3                                 Energy Group 4                                 Energy Group 5                                 Energy Group 6                                 Energy Group 7          
    #           UO2         MOX         H2O         CTR         UO2          MOX          H2O       CTR         UO2         MOX         H2O         CTR         UO2         MOX         H2O         CTR         UO2         MOX         H2O         CTR         UO2         MOX         H2O         CTR         UO2         MOX         H2O         CTR      
    #            0           1           2           3           0            1            2         3           0           1           2           3           0           1           2           3           0           1           2           3           0           1           2           3           0           1           2           3      
    SigT  = 1.77949e-01 1.83045e-01 1.59206e-01 2.16768e-01 3.29805e-01 3.36705e-01 4.12970e-01 4.80098e-01 4.80388e-01 5.00507e-01 5.90310e-01 8.86369e-01 5.54367e-01 6.06174e-01 5.84350e-01 9.70009e-01 3.11801e-01 5.02754e-01 7.18000e-01 9.10482e-01 3.95168e-01 9.21028e-01 1.25445e+00 1.13775e+00 5.64406e-01 9.55231e-01 2.65038e+00 1.84048e+00
    SigIS = 1.27537e-01 1.31504e-01 4.44777e-02 1.70563e-01 3.24456e-01 3.30403e-01 2.82334e-01 4.71050e-01 4.50940e-01 4.61792e-01 3.45256e-01 8.01859e-01 4.52565e-01 4.68021e-01 9.10284e-02 5.70752e-01 2.71401e-01 2.85771e-01 1.39138e-01 2.07838e-01 2.65802e-01 2.47614e-01 6.99913e-01 2.02465e-01 2.73080e-01 2.56093e-01 2.48070e+00 6.58597e-01
    SigDS = 4.23780e-02 4.20460e-02 1.13400e-01 4.44012e-02 1.63140e-03 1.64630e-03 1.29940e-01 6.85480e-04 2.67920e-03 2.47490e-03 2.24570e-01 7.20132e-04 5.56640e-03 5.43300e-03 4.15510e-01 1.46015e-03 1.02550e-02 8.39730e-03 5.11820e-01 3.81486e-03 1.68090e-02 1.23220e-02 5.37320e-01 4.75290e-03 0.00000e+00 0.00000e+00 0.00000e+00 0.00000e+00
    SigA  = 8.02480e-03 9.48620e-03 6.01050e-04 1.70490e-03 3.71740e-03 4.65560e-03 1.57930e-05 8.36224e-03 2.67690e-02 3.62400e-02 3.37160e-04 8.37901e-02 9.62360e-02 1.32720e-01 1.94060e-03 3.97797e-01 3.00200e-02 2.08400e-01 5.74160e-03 6.98763e-01 1.11260e-01 6.58700e-01 1.50010e-02 9.29508e-01 2.82780e-01 6.90170e-01 3.72390e-02 1.17836e+00
    SigF  = 7.21206e-03 8.67209e-03 0.00000e+00 0.00000e+00 8.19301e-04 1.62426e-03 0.00000e+00 0.00000e+00 6.45320e-03 1.02716e-02 0.00000e+00 0.00000e+00 1.85648e-02 3.90447e-02 0.00000e+00 0.00000e+00 1.78084e-02 1.92576e-02 0.00000e+00 0.00000e+00 8.30348e-02 3.74888e-01 0.00000e+00 0.00000e+00 2.16004e-01 4.30599e-01 0.00000e+00 0.00000e+00
    nuT   = 2.78145e+00 2.90426e+00 0.00000e+00 0.00000e+00 2.47443e+00 2.91795e+00 0.00000e+00 0.00000e+00 2.43383e+00 2.86986e+00 0.00000e+00 0.00000e+00 2.43380e+00 2.87491e+00 0.00000e+00 0.00000e+00 2.43380e+00 2.87175e+00 0.00000e+00 0.00000e+00 2.43380e+00 2.86752e+00 0.00000e+00 0.00000e+00 2.43380e+00 2.87808e+00 0.00000e+00 0.00000e+00
    ChiT  = 5.87910e-01 5.87910e-01 0.00000e+00 0.00000e+00 4.11760e-01 4.11760e-01 0.00000e+00 0.00000e+00 3.39060e-04 3.39060e-04 0.00000e+00 0.00000e+00 1.17610e-07 1.17610e-07 0.00000e+00 0.00000e+00 0.00000e+00 0.00000e+00 0.00000e+00 0.00000e+00 0.00000e+00 0.00000e+00 0.00000e+00 0.00000e+00 0.00000e+00 0.00000e+00 0.00000e+00 0.00000e+00
END

ConfigSets
    # U-U
    Set = 0
    MatID = 2 0 2 0 2 0 2 0 2 0 2 0 2 0 2 0 2 0 2 0 2 0 2 0 2 0 2 0 2 0 2 0 2 0 2
    MatID = 2 0 2 0 2 0 2 0 2 0 2 0 2 0 2 0 2 0 2 0 2 0 2 0 2 0 2 0 2 0 2 0 2 0 2
    # MOX-MOX
    Set = 1
    MatID = 2 1 2 1 2 1 2 1 2 1 2 1 2 1 2 1 2 1 2 1 2 1 2 1 2 1 2 1 2 1 2 1 2 1 2
    MatID = 2 1 2 1 2 1 2 1 2 1 2 1 2 1 2 1 2 1 2 1 2 1 2 1 2 1 2 1 2 1 2 1 2 1 2
    # U-MOX
    Set = 2
    MatID = 2 0 2 0 2 0 2 0 2 0 2 0 2 0 2 0 2 0 2 0 2 0 2 0 2 0 2 0 2 0 2 0 2 0 2
    MatID = 2 1 2 1 2 1 2 1 2 1 2 1 2 1 2 1 2 1 2 1 2 1 2 1 2 1 2 1 2 1 2 1 2 1 2

END